2.56916e-18
2.32127e-17
7.40387e-17
1.34362e-17
4.3331e-20
2.72991e-17
1.79525e-17
2.32127e-17
1.06364e-18
inf
1.05574e-17
8.12068e-17
3.73311e-18
7.51164e-19
6.57829e-17
4.07704e-18
3.78285e-19
5.51503e-18
7.59178e-18
4.76884e-18
1.52705e-17
2.64939e-17
1.73006e-17
9.04158e-18
3.08483e-17
4.3943e-17
8.07896e-18
1.85125e-18
1.65843e-17
3.08484e-17
4.6153e-17
2.23817e-17
4.07699e-18
1.3382e-16
9.99857e-17
5.66968e-17
6.17642e-17
2.56059e-17
1.85123e-18
6.71148e-18
6.71164e-18
1.85123e-18
1.22981e-18
1.3436e-17
1.38967e-19
3.12401e-18
1.3898e-19
4.27966e-17
3.08482e-17
4.07695e-18
1.52707e-17
5.51506e-18
1.22561e-17
9.0417e-18
3.7827e-19
5.51508e-18
1.59583e-17
4.49781e-17
4.07697e-18
1.34358e-17
3.73312e-18
4.33217e-20
4.07681e-18
7.8267e-17
3.56458e-17
8.07875e-18
4.39637e-18
2.33102e-16
7.17001e-18
inf
inf
inf
inf
inf
1.28055e-17
7.51153e-19
2.64939e-17
1.22561e-17
8.91638e-19
8.07881e-18
4.8417e-17
6.71166e-18
1.73008e-17
4.39644e-18
1.17126e-16
8.72502e-17
2.39667e-17
7.25487e-17
inf
6.17644e-17
4.49782e-17
inf
inf
2.56914e-18
3.27043e-17
8.52612e-18
5.31075e-17
